Model	Learning_Rate	Hidden_Size	batch_sizes	pooling_styles	acc	time(预测100条耗时)
fast_text	0.001	64	64	avg	0.8881935753024615	0.01652240753173828
fast_text	0.001	64	64	max	0.8694201084689195	0.016747650347257916
fast_text	0.001	64	128	avg	0.886107634543179	0.017905235290527344
fast_text	0.001	64	128	max	0.8719232373800584	0.01796170284873561
fast_text	0.001	64	256	avg	0.8815185648727576	0.01847982406616211
fast_text	0.001	64	256	max	0.8410513141426783	0.021314620971679688
fast_text	0.001	128	64	avg	0.8873591989987485	0.016502330177708677
fast_text	0.001	128	64	max	0.86816854401335	0.01688819182546515
fast_text	0.001	128	128	avg	0.8865248226950354	0.01795919317948191
fast_text	0.001	128	128	max	0.8836045056320401	0.018141144200375207
fast_text	0.001	128	256	avg	0.8819357530246141	0.017938613891601562
fast_text	0.001	128	256	max	0.8627450980392157	0.018055438995361328
fast_text	0.001	256	64	avg	0.8798498122653317	0.01633167266845703
fast_text	0.001	256	64	max	0.8865248226950354	0.0168768983138235
fast_text	0.001	256	128	avg	0.8865248226950354	0.017212566576505963
fast_text	0.001	256	128	max	0.8773466833541927	0.017217585915013364
fast_text	0.001	256	256	avg	0.8881935753024615	0.019326210021972656
fast_text	0.001	256	256	max	0.8811013767209012	0.018932819366455078
fast_text	0.001	512	64	avg	0.8785982478097623	0.016556915483976666
fast_text	0.001	512	64	max	0.8602419691280767	0.016821058172928657
fast_text	0.001	512	128	avg	0.884438881935753	0.017329266196803042
fast_text	0.001	512	128	max	0.8790154359616187	0.017686894065455386
fast_text	0.001	512	256	avg	0.8886107634543179	0.017368793487548828
fast_text	0.001	512	256	max	0.8856904463913224	0.018765926361083984
fast_text	0.0001	64	64	avg	0.8051731330830204	0.016888819242778578
fast_text	0.0001	64	64	max	0.756779307467668	0.016999244689941406
fast_text	0.0001	64	128	avg	0.7000417188151856	0.017783516331722864
fast_text	0.0001	64	128	max	0.7321652065081352	0.01819886659321032
fast_text	0.0001	64	256	avg	0.7430120984564038	0.01888275146484375
fast_text	0.0001	64	256	max	0.7021276595744681	0.019066333770751953
fast_text	0.0001	128	64	avg	0.8247809762202754	0.016528054287559105
fast_text	0.0001	128	64	max	0.7976637463496037	0.01690387725830078
fast_text	0.0001	128	128	avg	0.7939090529828953	0.017404556274414062
fast_text	0.0001	128	128	max	0.7538589904046725	0.01843101099917763
fast_text	0.0001	128	256	avg	0.7267417605340009	0.021047592163085938
fast_text	0.0001	128	256	max	0.6929495202336253	0.019388198852539062
fast_text	0.0001	256	64	avg	0.8481435127242386	0.016308458227860298
fast_text	0.0001	256	64	max	0.8272841051314143	0.01677525670904862
fast_text	0.0001	256	128	avg	0.8281184814351272	0.017153589349044
fast_text	0.0001	256	128	max	0.8122653316645807	0.018094715319181744
fast_text	0.0001	256	256	avg	0.770546516478932	0.01816272735595703
fast_text	0.0001	256	256	max	0.7809762202753442	0.01826763153076172
fast_text	0.0001	512	64	avg	0.8660826032540676	0.016290263125770973
fast_text	0.0001	512	64	max	0.8435544430538173	0.016605226617110405
fast_text	0.0001	512	128	avg	0.8489778890279516	0.019393469157971834
fast_text	0.0001	512	128	max	0.8368794326241135	0.017833709716796875
fast_text	0.0001	512	256	avg	0.8247809762202754	0.017147064208984375
fast_text	0.0001	512	256	max	0.8035043804755945	0.017561912536621094
gru	0.001	64	64	avg	0.8710888610763454	0.04432138643766704
gru	0.001	64	64	max	0.8806841885690446	0.044933118318256575
gru	0.001	64	128	avg	0.8719232373800584	0.048122907939710115
gru	0.001	64	128	max	0.8819357530246141	0.047120295072856706
gru	0.001	64	256	avg	0.8802670004171882	0.05050182342529296
gru	0.001	64	256	max	0.869837296620776	0.04876136779785156
gru	0.001	128	64	avg	0.8719232373800584	0.04571613512541118
gru	0.001	128	64	max	0.8806841885690446	0.04462003707885742
gru	0.001	128	128	avg	0.8677513558614935	0.04618920777973376
gru	0.001	128	128	max	0.8781810596579057	0.048713935048956616
gru	0.001	128	256	avg	0.870671672924489	0.05136728286743164
gru	0.001	128	256	max	0.8806841885690446	0.0502634048461914
gru	0.001	256	64	avg	0.8752607425949103	0.11031815880223324
gru	0.001	256	64	max	0.8769294952023362	0.10241332807038958
gru	0.001	256	128	avg	0.8740091781393409	0.12003873523912932
gru	0.001	256	128	max	0.8769294952023362	0.11683388760215357
gru	0.001	256	256	avg	0.886942010846892	0.14489412307739258
gru	0.001	256	256	max	0.8823529411764706	0.12461662292480469
gru	0.001	512	64	avg	0.8865248226950354	0.10130530909488077
gru	0.001	512	64	max	0.884438881935753	0.10415503853245785
gru	0.001	512	128	avg	0.8794326241134752	0.12041267595793073
gru	0.001	512	128	max	0.8656654151022111	0.11661429154245478
gru	0.001	512	256	avg	0.8881935753024615	0.12240409851074219
gru	0.001	512	256	max	0.8836045056320401	0.12524843215942383
gru	0.0001	64	64	avg	0.8848560700876095	0.044980174616763464
gru	0.0001	64	64	max	0.8944513975803087	0.04500276164004677
gru	0.0001	64	128	avg	0.8710888610763454	0.048592216090152136
gru	0.0001	64	128	max	0.8719232373800584	0.04915940134148849
gru	0.0001	64	256	avg	0.8614935335836462	0.05013704299926758
gru	0.0001	64	256	max	0.8690029203170629	0.05183696746826171
gru	0.0001	128	64	avg	0.8856904463913224	0.05044372458206979
gru	0.0001	128	64	max	0.8915310805173133	0.04530078486392372
gru	0.0001	128	128	avg	0.886942010846892	0.046383707146895554
gru	0.0001	128	128	max	0.8873591989987485	0.06429270694130346
gru	0.0001	128	256	avg	0.8919482686691698	0.055570602416992194
gru	0.0001	128	256	max	0.8836045056320401	0.04981517791748047
gru	0.0001	256	64	avg	0.8765123070504798	0.10357216784828588
gru	0.0001	256	64	max	0.885273258239466	0.10425417046797904
gru	0.0001	256	128	avg	0.8777638715060492	0.11812260276392887
gru	0.0001	256	128	max	0.8790154359616187	0.11938245672928659
gru	0.0001	256	256	avg	0.8785982478097623	0.1283431053161621
gru	0.0001	256	256	max	0.8940342094284522	0.1316666603088379
gru	0.0001	512	64	avg	0.8740091781393409	0.10368133846082185
gru	0.0001	512	64	max	0.8798498122653317	0.10261912094919307
gru	0.0001	512	128	avg	0.8740091781393409	0.1167372653358861
gru	0.0001	512	128	max	0.8794326241134752	0.11933728268271998
gru	0.0001	512	256	avg	0.8790154359616187	0.1268172264099121
gru	0.0001	512	256	max	0.8802670004171882	0.13208866119384766
rnn	0.001	64	64	avg	0.886942010846892	0.044920569971988074
rnn	0.001	64	64	max	0.8856904463913224	0.04553669377377159
rnn	0.001	64	128	avg	0.8836045056320401	0.04697975359464946
rnn	0.001	64	128	max	0.8831873174801835	0.04177093505859375
rnn	0.001	64	256	avg	0.8806841885690446	0.05221843719482421
rnn	0.001	64	256	max	0.884438881935753	0.04870176315307617
rnn	0.001	128	64	avg	0.8815185648727576	0.045202907763029404
rnn	0.001	128	64	max	0.8815185648727576	0.04685238788002415
rnn	0.001	128	128	avg	0.8744263662911973	0.059503003170615756
rnn	0.001	128	128	max	0.8848560700876095	0.06925557789049651
rnn	0.001	128	256	avg	0.886107634543179	0.06747961044311523
rnn	0.001	128	256	max	0.8690029203170629	0.07258415222167969
rnn	0.001	256	64	avg	0.8848560700876095	0.0434724908126028
rnn	0.001	256	64	max	0.8936170212765957	0.0529019456160696
rnn	0.001	256	128	avg	0.8785982478097623	0.05811264640406558
rnn	0.001	256	128	max	0.8931998331247393	0.05701717577482524
rnn	0.001	256	256	avg	0.866499791405924	0.06667375564575195
rnn	0.001	256	256	max	0.8802670004171882	0.0671243667602539
rnn	0.001	512	64	avg	0.867334167709637	0.137777704941599
rnn	0.001	512	64	max	0.8840216937838965	0.1126107416654888
rnn	0.001	512	128	avg	0.8735919899874843	0.1282880180760434
rnn	0.001	512	128	max	0.886107634543179	0.1311578248676501
rnn	0.001	512	256	avg	0.8756779307467668	0.1281285285949707
rnn	0.001	512	256	max	0.8827701293283271	0.14005422592163086
rnn	0.0001	64	64	avg	0.8652482269503546	0.052794657255473894
rnn	0.0001	64	64	max	0.8823529411764706	0.04639437324122379
rnn	0.0001	64	128	avg	0.8564872757613684	0.05152727428235506
rnn	0.0001	64	128	max	0.8614935335836462	0.04852445502030222
rnn	0.0001	64	256	avg	0.8477263245723822	0.06045341491699219
rnn	0.0001	64	256	max	0.8485607008760951	0.06592273712158203
rnn	0.0001	128	64	avg	0.8748435544430538	0.04531019612362511
rnn	0.0001	128	64	max	0.8836045056320401	0.047516195397627976
rnn	0.0001	128	128	avg	0.8685857321652065	0.04512008867765727
rnn	0.0001	128	128	max	0.8836045056320401	0.0703523033543637
rnn	0.0001	128	256	avg	0.8631622861910722	0.06983280181884766
rnn	0.0001	128	256	max	0.8740091781393409	0.09855270385742189
rnn	0.0001	256	64	avg	0.8894451397580309	0.040340423583984375
rnn	0.0001	256	64	max	0.8911138923654568	0.05065265454744038
rnn	0.0001	256	128	avg	0.8794326241134752	0.05315479479337993
rnn	0.0001	256	128	max	0.8756779307467668	0.055858963414242395
rnn	0.0001	256	256	avg	0.8794326241134752	0.06601810455322266
rnn	0.0001	256	256	max	0.8856904463913224	0.05932807922363281
rnn	0.0001	512	64	avg	0.884438881935753	0.11088220696700248
rnn	0.0001	512	64	max	0.8982060909470171	0.1259370854026393
rnn	0.0001	512	128	avg	0.8765123070504798	0.11703968048095703
rnn	0.0001	512	128	max	0.8865248226950354	0.14134206269916735
rnn	0.0001	512	256	avg	0.886107634543179	0.1406240463256836
rnn	0.0001	512	256	max	0.8873591989987485	0.15131473541259766
cnn	0.001	64	64	avg	0.8752607425949103	0.044470084340948804
cnn	0.001	64	64	max	0.8811013767209012	0.03633875595895868
cnn	0.001	64	128	avg	0.8827701293283271	0.045255610817357114
cnn	0.001	64	128	max	0.8823529411764706	0.04915689167223478
cnn	0.001	64	256	avg	0.8731748018356279	0.0457453727722168
cnn	0.001	64	256	max	0.8919482686691698	0.05201101303100586
cnn	0.001	128	64	avg	0.8740091781393409	0.028264522552490234
cnn	0.001	128	64	max	0.884438881935753	0.034390625200773545
cnn	0.001	128	128	avg	0.8760951188986232	0.03695237009148849
cnn	0.001	128	128	max	0.8931998331247393	0.048657467490748355
cnn	0.001	128	256	avg	0.8760951188986232	0.042266845703125
cnn	0.001	128	256	max	0.8927826449728827	0.04935741424560546
cnn	0.001	256	64	avg	0.8710888610763454	0.028402554361443774
cnn	0.001	256	64	max	0.8790154359616187	0.028733203285618833
cnn	0.001	256	128	avg	0.8773466833541927	0.0341528340389854
cnn	0.001	256	128	max	0.8890279516061744	0.04997378901431435
cnn	0.001	256	256	avg	0.866499791405924	0.04871368408203125
cnn	0.001	256	256	max	0.8957029620358782	0.04378557205200195
cnn	0.001	512	64	avg	0.8685857321652065	0.035866310721949526
cnn	0.001	512	64	max	0.8735919899874843	0.028694303412186473
cnn	0.001	512	128	avg	0.8740091781393409	0.02867673572741057
cnn	0.001	512	128	max	0.8731748018356279	0.0537847217760588
cnn	0.001	512	256	avg	0.8639966624947851	0.05425691604614257
cnn	0.001	512	256	max	0.8794326241134752	0.03263235092163086
cnn	0.0001	64	64	avg	0.8564872757613684	0.030183164696944386
cnn	0.0001	64	64	max	0.8840216937838965	0.029980508904708058
cnn	0.0001	64	128	avg	0.8460575719649562	0.028944015502929688
cnn	0.0001	64	128	max	0.8731748018356279	0.055645641527677835
cnn	0.0001	64	256	avg	0.8289528577388402	0.0488448143005371
cnn	0.0001	64	256	max	0.8702544847726325	0.05559682846069336
cnn	0.0001	128	64	avg	0.8594075928243637	0.030370135056345084
cnn	0.0001	128	64	max	0.8994576554025866	0.028479726690995067
cnn	0.0001	128	128	avg	0.8514810179390905	0.04206205669202302
cnn	0.0001	128	128	max	0.8881935753024615	0.03160301007722554
cnn	0.0001	128	256	avg	0.8481435127242386	0.04542350769042969
cnn	0.0001	128	256	max	0.885273258239466	0.04071474075317383
cnn	0.0001	256	64	avg	0.8760951188986232	0.029375678614566202
cnn	0.0001	256	64	max	0.8973717146433041	0.03046111056679173
cnn	0.0001	256	128	avg	0.8769294952023362	0.030439778378135277
cnn	0.0001	256	128	max	0.8969545264914477	0.03290552841989618
cnn	0.0001	256	256	avg	0.8677513558614935	0.03872871398925781
cnn	0.0001	256	256	max	0.8990404672507301	0.04904031753540039
cnn	0.0001	512	64	avg	0.8731748018356279	0.027824703015779193
cnn	0.0001	512	64	max	0.9002920317062996	0.029676838925010277
cnn	0.0001	512	128	avg	0.884438881935753	0.057165246260793584
cnn	0.0001	512	128	max	0.8965373383395911	0.0385209133750514
cnn	0.0001	512	256	avg	0.8769294952023362	0.04515409469604492
cnn	0.0001	512	256	max	0.8990404672507301	0.04630327224731445
gated_cnn	0.001	64	64	avg	0.8798498122653317	0.04617728685077868
gated_cnn	0.001	64	64	max	0.8748435544430538	0.04333132191708214
gated_cnn	0.001	64	128	avg	0.8873591989987485	0.051972740574886926
gated_cnn	0.001	64	128	max	0.8877763871506049	0.04753313566509046
gated_cnn	0.001	64	256	avg	0.8848560700876095	0.06306171417236328
gated_cnn	0.001	64	256	max	0.885273258239466	0.057859420776367194
gated_cnn	0.001	128	64	avg	0.8710888610763454	0.05681765706915604
gated_cnn	0.001	128	64	max	0.8777638715060492	0.05516566728290759
gated_cnn	0.001	128	128	avg	0.884438881935753	0.04466332887348376
gated_cnn	0.001	128	128	max	0.885273258239466	0.046791528400621916
gated_cnn	0.001	128	256	avg	0.8957029620358782	0.061872005462646484
gated_cnn	0.001	128	256	max	0.8919482686691698	0.0694727897644043
gated_cnn	0.001	256	64	avg	0.8710888610763454	0.043701498132002976
gated_cnn	0.001	256	64	max	0.886107634543179	0.04057382282457854
gated_cnn	0.001	256	128	avg	0.86816854401335	0.04073946099532278
gated_cnn	0.001	256	128	max	0.8819357530246141	0.04100799560546875
gated_cnn	0.001	256	256	avg	0.8777638715060492	0.0401759147644043
gated_cnn	0.001	256	256	max	0.8931998331247393	0.047435760498046875
gated_cnn	0.001	512	64	avg	0.870671672924489	0.039458274841308594
gated_cnn	0.001	512	64	max	0.8752607425949103	0.04404406798513312
gated_cnn	0.001	512	128	avg	0.8719232373800584	0.04435589438990543
gated_cnn	0.001	512	128	max	0.8727576136837714	0.05045941001490542
gated_cnn	0.001	512	256	avg	0.8702544847726325	0.04729270935058594
gated_cnn	0.001	512	256	max	0.8873591989987485	0.061490535736083984
gated_cnn	0.0001	64	64	avg	0.8669169795577806	0.04476057855706466
gated_cnn	0.0001	64	64	max	0.8948685857321652	0.05437700371993216
gated_cnn	0.0001	64	128	avg	0.8423028785982478	0.04686179913972554
gated_cnn	0.0001	64	128	max	0.8752607425949103	0.04848680998149671
gated_cnn	0.0001	64	256	avg	0.833959115561118	0.05807161331176757
gated_cnn	0.0001	64	256	max	0.851063829787234	0.058426856994628906
gated_cnn	0.0001	128	64	avg	0.8831873174801835	0.039314596276534226
gated_cnn	0.0001	128	64	max	0.9002920317062996	0.04466458370811061
gated_cnn	0.0001	128	128	avg	0.8727576136837714	0.04944299396715666
gated_cnn	0.0001	128	128	max	0.8931998331247393	0.0629425048828125
gated_cnn	0.0001	128	256	avg	0.8610763454317898	0.04936695098876953
gated_cnn	0.0001	128	256	max	0.8906967042136004	0.06541728973388672
gated_cnn	0.0001	256	64	avg	0.8936170212765957	0.04953145980834961
gated_cnn	0.0001	256	64	max	0.8957029620358782	0.04430444617020456
gated_cnn	0.0001	256	128	avg	0.8919482686691698	0.04884569268477591
gated_cnn	0.0001	256	128	max	0.8977889027951607	0.04745282624897204
gated_cnn	0.0001	256	256	avg	0.8831873174801835	0.047745704650878906
gated_cnn	0.0001	256	256	max	0.8965373383395911	0.048003196716308594
gated_cnn	0.0001	512	64	avg	0.9023779724655819	0.04321901421797903
gated_cnn	0.0001	512	64	max	0.8965373383395911	0.04838077645552786
gated_cnn	0.0001	512	128	avg	0.8994576554025866	0.04224024320903577
gated_cnn	0.0001	512	128	max	0.9011264080100125	0.04059891951711554
gated_cnn	0.0001	512	256	avg	0.8994576554025866	0.04039287567138672
gated_cnn	0.0001	512	256	max	0.8973717146433041	0.05202054977416992
stack_gated_cnn	0.001	64	64	avg	0.8790154359616187	0.11382040224577253
stack_gated_cnn	0.001	64	64	max	0.8836045056320401	0.13197534962704308
stack_gated_cnn	0.001	64	128	avg	0.8631622861910722	0.11817530581825658
stack_gated_cnn	0.001	64	128	max	0.8819357530246141	0.12288470017282588
stack_gated_cnn	0.001	64	256	avg	0.886107634543179	0.1399517059326172
stack_gated_cnn	0.001	64	256	max	0.8865248226950354	0.1244330406188965
stack_gated_cnn	0.001	128	64	avg	0.867334167709637	0.1113421038577431
stack_gated_cnn	0.001	128	64	max	0.8886107634543179	0.11198959852519788
stack_gated_cnn	0.001	128	128	avg	0.8660826032540676	0.12592892897756475
stack_gated_cnn	0.001	128	128	max	0.8877763871506049	0.13632523386101972
stack_gated_cnn	0.001	128	256	avg	0.870671672924489	0.14075517654418945
stack_gated_cnn	0.001	128	256	max	0.9019607843137255	0.1365375518798828
stack_gated_cnn	0.001	256	64	avg	0.8614935335836462	0.11104345321655273
stack_gated_cnn	0.001	256	64	max	0.8873591989987485	0.11765831395199423
stack_gated_cnn	0.001	256	128	avg	0.8677513558614935	0.12219077662417764
stack_gated_cnn	0.001	256	128	max	0.8890279516061744	0.1316472103721217
stack_gated_cnn	0.001	256	256	avg	0.8631622861910722	0.1289534568786621
stack_gated_cnn	0.001	256	256	max	0.9011264080100125	0.14768362045288086
stack_gated_cnn	0.001	512	64	avg	0.8794326241134752	0.11871927662899619
stack_gated_cnn	0.001	512	64	max	0.885273258239466	0.11609729967619245
stack_gated_cnn	0.001	512	128	avg	0.8777638715060492	0.1277722810444079
stack_gated_cnn	0.001	512	128	max	0.9011264080100125	0.12632043738114207
stack_gated_cnn	0.001	512	256	avg	0.8735919899874843	0.14888525009155273
stack_gated_cnn	0.001	512	256	max	0.8940342094284522	0.12033462524414062
stack_gated_cnn	0.0001	64	64	avg	0.8790154359616187	0.11330466521413701
stack_gated_cnn	0.0001	64	64	max	0.8881935753024615	0.1282955470838045
stack_gated_cnn	0.0001	64	128	avg	0.8656654151022111	0.1270971800151624
stack_gated_cnn	0.0001	64	128	max	0.8856904463913224	0.13002596403423108
stack_gated_cnn	0.0001	64	256	avg	0.8539841468502295	0.1089191436767578
stack_gated_cnn	0.0001	64	256	max	0.8752607425949103	0.13540029525756836
stack_gated_cnn	0.0001	128	64	avg	0.8931998331247393	0.11401490161293432
stack_gated_cnn	0.0001	128	64	max	0.8931998331247393	0.14368609378212377
stack_gated_cnn	0.0001	128	128	avg	0.8831873174801835	0.11841121472810442
stack_gated_cnn	0.0001	128	128	max	0.8944513975803087	0.12109405116031045
stack_gated_cnn	0.0001	128	256	avg	0.886942010846892	0.11971473693847656
stack_gated_cnn	0.0001	128	256	max	0.9002920317062996	0.12346744537353517
stack_gated_cnn	0.0001	256	64	avg	0.8685857321652065	0.11408830943860505
stack_gated_cnn	0.0001	256	64	max	0.8961201501877347	0.11720092673050729
stack_gated_cnn	0.0001	256	128	avg	0.8840216937838965	0.11882405532033818
stack_gated_cnn	0.0001	256	128	max	0.9019607843137255	0.13573169708251953
stack_gated_cnn	0.0001	256	256	avg	0.8894451397580309	0.12125968933105469
stack_gated_cnn	0.0001	256	256	max	0.8986232790988736	0.14908552169799805
stack_gated_cnn	0.0001	512	64	avg	0.8735919899874843	0.12145356128090307
stack_gated_cnn	0.0001	512	64	max	0.8990404672507301	0.11775054429706774
stack_gated_cnn	0.0001	512	128	avg	0.884438881935753	0.12519736039011103
stack_gated_cnn	0.0001	512	128	max	0.8961201501877347	0.13550582684968646
stack_gated_cnn	0.0001	512	256	avg	0.8719232373800584	0.12029170989990233
stack_gated_cnn	0.0001	512	256	max	0.9002920317062996	0.10883808135986328
rcnn	0.001	64	64	avg	0.8811013767209012	0.06782757608514084
rcnn	0.001	64	64	max	0.8819357530246141	0.0661737040469521
rcnn	0.001	64	128	avg	0.8827701293283271	0.07093203695196854
rcnn	0.001	64	128	max	0.884438881935753	0.08379158220793072
rcnn	0.001	64	256	avg	0.8836045056320401	0.08925199508666992
rcnn	0.001	64	256	max	0.8811013767209012	0.08372068405151367
rcnn	0.001	128	64	avg	0.8756779307467668	0.06457943665353875
rcnn	0.001	128	64	max	0.8773466833541927	0.06449473531622635
rcnn	0.001	128	128	avg	0.8911138923654568	0.06915017178184107
rcnn	0.001	128	128	max	0.8890279516061744	0.06936600333765933
rcnn	0.001	128	256	avg	0.8748435544430538	0.07612228393554688
rcnn	0.001	128	256	max	0.8919482686691698	0.07339715957641602
rcnn	0.001	256	64	avg	0.8702544847726325	0.0701157670272024
rcnn	0.001	256	64	max	0.8669169795577806	0.07657377343428763
rcnn	0.001	256	128	avg	0.8656654151022111	0.06964332179019327
rcnn	0.001	256	128	max	0.884438881935753	0.06698683688515111
rcnn	0.001	256	256	avg	0.870671672924489	0.09902715682983398
rcnn	0.001	256	256	max	0.8827701293283271	0.08334159851074219
rcnn	0.001	512	64	avg	0.8702544847726325	0.14184085946334035
rcnn	0.001	512	64	max	0.8802670004171882	0.1333525306300113
rcnn	0.001	512	128	avg	0.8731748018356279	0.22902990642346835
rcnn	0.001	512	128	max	0.8773466833541927	0.23330010865864004
rcnn	0.001	512	256	avg	0.8690029203170629	0.3985404968261719
rcnn	0.001	512	256	max	0.886942010846892	0.3772139549255371
rcnn	0.0001	64	64	avg	0.8464747601168127	0.06311128014012388
rcnn	0.0001	64	64	max	0.8777638715060492	0.06888477425826224
rcnn	0.0001	64	128	avg	0.8498122653316645	0.08628117410760178
rcnn	0.0001	64	128	max	0.871506049228202	0.22419879311009458
rcnn	0.0001	64	256	avg	0.8264497288277013	0.08414506912231445
rcnn	0.0001	64	256	max	0.8502294534835211	0.0805974006652832
rcnn	0.0001	128	64	avg	0.8802670004171882	0.07049535450182463
rcnn	0.0001	128	64	max	0.9002920317062996	0.07094144821166992
rcnn	0.0001	128	128	avg	0.8644138506466417	0.06899331745348479
rcnn	0.0001	128	128	max	0.8994576554025866	0.07222953595613178
rcnn	0.0001	128	256	avg	0.8573216520650814	0.07213115692138672
rcnn	0.0001	128	256	max	0.8873591989987485	0.07912397384643555
rcnn	0.0001	256	64	avg	0.8769294952023362	0.06431215687801962
rcnn	0.0001	256	64	max	0.8952857738840216	0.0651165058738307
rcnn	0.0001	256	128	avg	0.8790154359616187	0.0724842673853824
rcnn	0.0001	256	128	max	0.9011264080100125	0.07520600369102076
rcnn	0.0001	256	256	avg	0.8744263662911973	0.08539438247680664
rcnn	0.0001	256	256	max	0.8957029620358782	0.08600711822509766
rcnn	0.0001	512	64	avg	0.8898623279098874	0.14120842281140777
rcnn	0.0001	512	64	max	0.8881935753024615	0.14231706920423004
rcnn	0.0001	512	128	avg	0.884438881935753	0.2253130862587377
rcnn	0.0001	512	128	max	0.9027951606174385	0.2807642284192537
rcnn	0.0001	512	256	avg	0.8856904463913224	0.3547811508178711
rcnn	0.0001	512	256	max	0.8965373383395911	0.37531375885009766
bert	0.001	64	64	avg	0.8635794743429287	0.12206215607492549
bert	0.001	64	64	max	0.8644138506466417	0.12831060509932668
bert	0.001	64	128	avg	0.8552357113057989	0.12953532369513263
bert	0.001	64	128	max	0.8798498122653317	0.1322081214503238
bert	0.001	64	256	avg	0.8740091781393409	0.15724420547485352
bert	0.001	64	256	max	0.8769294952023362	0.1642894744873047
bert	0.001	128	64	avg	0.8614935335836462	0.14340877532958984
bert	0.001	128	64	max	0.8677513558614935	0.126358709837261
bert	0.001	128	128	avg	0.8769294952023362	0.13542049809506065
bert	0.001	128	128	max	0.8677513558614935	0.1544776715730366
bert	0.001	128	256	avg	0.8685857321652065	0.1735854148864746
bert	0.001	128	256	max	0.8552357113057989	0.1764845848083496
bert	0.001	256	64	avg	0.8644138506466417	0.16346981650904605
bert	0.001	256	64	max	0.8619107217355028	0.12858666871723376
bert	0.001	256	128	avg	0.8669169795577806	0.14990379935816714
bert	0.001	256	128	max	0.8548185231539425	0.15037185267398231
bert	0.001	256	256	avg	0.870671672924489	0.18883466720581055
bert	0.001	256	256	max	0.8777638715060492	0.1921844482421875
bert	0.001	512	64	avg	0.8481435127242386	0.13295663030524005
bert	0.001	512	64	max	0.86816854401335	0.12797807392321137
bert	0.001	512	128	avg	0.8644138506466417	0.13390967720433286
bert	0.001	512	128	max	0.8790154359616187	0.13727012433503802
bert	0.001	512	256	avg	0.8627450980392157	0.1920151710510254
bert	0.001	512	256	max	0.8769294952023362	0.1794266700744629
bert	0.0001	64	64	avg	0.8781810596579057	0.12384151157579924
bert	0.0001	64	64	max	0.8877763871506049	0.12505744632921723
bert	0.0001	64	128	avg	0.8798498122653317	0.1331981859709087
bert	0.0001	64	128	max	0.8940342094284522	0.13652475256668894
bert	0.0001	64	256	avg	0.8735919899874843	0.16979455947875977
bert	0.0001	64	256	max	0.8940342094284522	0.18373489379882812
bert	0.0001	128	64	avg	0.8785982478097623	0.12252456263491983
bert	0.0001	128	64	max	0.8948685857321652	0.1216863331041838
bert	0.0001	128	128	avg	0.8723404255319149	0.15784439287687604
bert	0.0001	128	128	max	0.8856904463913224	0.13828779521741363
bert	0.0001	128	256	avg	0.8690029203170629	0.1812458038330078
bert	0.0001	128	256	max	0.886107634543179	0.1705002784729004
bert	0.0001	256	64	avg	0.885273258239466	0.12684558567247894
bert	0.0001	256	64	max	0.8965373383395911	0.123411730716103
bert	0.0001	256	128	avg	0.8811013767209012	0.1491295663934005
bert	0.0001	256	128	max	0.8948685857321652	0.1384057496723376
bert	0.0001	256	256	avg	0.8836045056320401	0.18720626831054688
bert	0.0001	256	256	max	0.8944513975803087	0.1572418212890625
bert	0.0001	512	64	avg	0.8685857321652065	0.1215740254050807
bert	0.0001	512	64	max	0.8873591989987485	0.12331887295371607
bert	0.0001	512	128	avg	0.8727576136837714	0.13973838404605263
bert	0.0001	512	128	max	0.8894451397580309	0.13934060146934107
bert	0.0001	512	256	avg	0.8785982478097623	0.16976356506347656
bert	0.0001	512	256	max	0.8865248226950354	0.1730489730834961
lstm	0.001	64	64	avg	0.8865248226950354	0.04869636736418071
lstm	0.001	64	64	max	0.871506049228202	0.04924096559223376
lstm	0.001	64	128	avg	0.8685857321652065	0.06078544415925679
lstm	0.001	64	128	max	0.8702544847726325	0.0572229686536287
lstm	0.001	64	256	avg	0.8769294952023362	0.06582021713256836
lstm	0.001	64	256	max	0.8802670004171882	0.06553411483764648
lstm	0.001	128	64	avg	0.8856904463913224	0.048385168376721834
lstm	0.001	128	64	max	0.8752607425949103	0.04834313141672235
lstm	0.001	128	128	avg	0.8890279516061744	0.05199658243279708
lstm	0.001	128	128	max	0.8731748018356279	0.05114956905967311
lstm	0.001	128	256	avg	0.8769294952023362	0.05922794342041015
lstm	0.001	128	256	max	0.8785982478097623	0.06404638290405273
lstm	0.001	256	64	avg	0.8890279516061744	0.12172272330836247
lstm	0.001	256	64	max	0.8806841885690446	0.11210629814549496
lstm	0.001	256	128	avg	0.8840216937838965	0.12285834864566202
lstm	0.001	256	128	max	0.871506049228202	0.12196114188746403
lstm	0.001	256	256	avg	0.8790154359616187	0.13498544692993164
lstm	0.001	256	256	max	0.8731748018356279	0.17446041107177734
lstm	0.001	512	64	avg	0.8752607425949103	0.10646832616705644
lstm	0.001	512	64	max	0.8915310805173133	0.10647271808825041
lstm	0.001	512	128	avg	0.8798498122653317	0.12179424888209293
lstm	0.001	512	128	max	0.8827701293283271	0.12277552956028988
lstm	0.001	512	256	avg	0.8890279516061744	0.1425004005432129
lstm	0.001	512	256	max	0.8831873174801835	0.1278972625732422
lstm	0.0001	64	64	avg	0.884438881935753	0.04801812924836812
lstm	0.0001	64	64	max	0.884438881935753	0.04937272322805304
lstm	0.0001	64	128	avg	0.8819357530246141	0.04971403824655633
lstm	0.0001	64	128	max	0.8823529411764706	0.04976674130088405
lstm	0.0001	64	256	avg	0.8635794743429287	0.05585670471191407
lstm	0.0001	64	256	max	0.8627450980392157	0.05291938781738281
lstm	0.0001	128	64	avg	0.8811013767209012	0.05236173930921053
lstm	0.0001	128	64	max	0.8902795160617438	0.049394682834022915
lstm	0.0001	128	128	avg	0.8865248226950354	0.05110063050922595
lstm	0.0001	128	128	max	0.8873591989987485	0.052388090836374385
lstm	0.0001	128	256	avg	0.8865248226950354	0.06294965744018555
lstm	0.0001	128	256	max	0.8827701293283271	0.05681276321411133
lstm	0.0001	256	64	avg	0.8752607425949103	0.10928668473896228
lstm	0.0001	256	64	max	0.8815185648727576	0.11167212536460475
lstm	0.0001	256	128	avg	0.8806841885690446	0.12237523731432463
lstm	0.0001	256	128	max	0.8877763871506049	0.12551734321995786
lstm	0.0001	256	256	avg	0.884438881935753	0.13117313385009766
lstm	0.0001	256	256	max	0.884438881935753	0.1638317108154297
lstm	0.0001	512	64	avg	0.8815185648727576	0.10821191888106498
lstm	0.0001	512	64	max	0.8781810596579057	0.1094516954923931
lstm	0.0001	512	128	avg	0.8752607425949103	0.12744727887605364
lstm	0.0001	512	128	max	0.8856904463913224	0.13008243159243935
lstm	0.0001	512	256	avg	0.870671672924489	0.13889551162719727
lstm	0.0001	512	256	max	0.8873591989987485	0.15120506286621094
bert_lstm	0.001	64	64	avg	0.8735919899874843	0.18203948673449066
bert_lstm	0.001	64	64	max	0.8393825615352524	0.18104440287539833
bert_lstm	0.001	64	128	avg	0.8648310387984981	0.22247465033280223
bert_lstm	0.001	64	128	max	0.8660826032540676	0.20524451607152036
bert_lstm	0.001	64	256	avg	0.866499791405924	0.25246381759643555
bert_lstm	0.001	64	256	max	0.8690029203170629	0.2432894706726074
bert_lstm	0.001	128	64	avg	0.8635794743429287	0.18878359543649775
bert_lstm	0.001	128	64	max	0.8710888610763454	0.19057612670095342
bert_lstm	0.001	128	128	avg	0.8656654151022111	0.2115475504021896
bert_lstm	0.001	128	128	max	0.8514810179390905	0.20217644540887128
bert_lstm	0.001	128	256	avg	0.866499791405924	0.24726629257202148
bert_lstm	0.001	128	256	max	0.8840216937838965	0.24380922317504883
bert_lstm	0.001	256	64	avg	0.870671672924489	0.19228709371466388
bert_lstm	0.001	256	64	max	0.867334167709637	0.1857751294186241
bert_lstm	0.001	256	128	avg	0.8297872340425532	0.23184951983000104
bert_lstm	0.001	256	128	max	0.8635794743429287	0.19488209172299034
bert_lstm	0.001	256	256	avg	0.8627450980392157	0.24929046630859375
bert_lstm	0.001	256	256	max	0.8685857321652065	0.22294998168945315
bert_lstm	0.001	512	64	avg	0.8677513558614935	0.19468508268657483
bert_lstm	0.001	512	64	max	0.8690029203170629	0.18542252088847913
bert_lstm	0.001	512	128	avg	0.8752607425949103	0.19834543529309726
bert_lstm	0.001	512	128	max	0.8794326241134752	0.19222184231406764
bert_lstm	0.001	512	256	avg	0.8560700876095119	0.2410483360290527
bert_lstm	0.001	512	256	max	0.8598247809762203	0.2693653106689453
bert_lstm	0.0001	64	64	avg	0.8798498122653317	0.2658505188791376
bert_lstm	0.0001	64	64	max	0.8727576136837714	0.23745047418694745
bert_lstm	0.0001	64	128	avg	0.8710888610763454	0.21802500674599096
bert_lstm	0.0001	64	128	max	0.8777638715060492	0.27978796707956416
bert_lstm	0.0001	64	256	avg	0.8773466833541927	0.26516199111938477
bert_lstm	0.0001	64	256	max	0.8748435544430538	0.25897979736328125
bert_lstm	0.0001	128	64	avg	0.8727576136837714	0.20641151227449114
bert_lstm	0.0001	128	64	max	0.8827701293283271	0.21008504064459552
bert_lstm	0.0001	128	128	avg	0.8819357530246141	0.25806552485415807
bert_lstm	0.0001	128	128	max	0.8865248226950354	0.217362454063014
bert_lstm	0.0001	128	256	avg	0.870671672924489	0.38327693939208984
bert_lstm	0.0001	128	256	max	0.8760951188986232	0.3235030174255371
bert_lstm	0.0001	256	64	avg	0.8811013767209012	0.21584912350303248
bert_lstm	0.0001	256	64	max	0.8777638715060492	0.2039959556178043
bert_lstm	0.0001	256	128	avg	0.8702544847726325	0.2779672020360043
bert_lstm	0.0001	256	128	max	0.8702544847726325	0.31125294534783615
bert_lstm	0.0001	256	256	avg	0.8639966624947851	0.38282155990600586
bert_lstm	0.0001	256	256	max	0.8794326241134752	0.2587461471557617
bert_lstm	0.0001	512	64	avg	0.8719232373800584	0.22656415638170743
bert_lstm	0.0001	512	64	max	0.8623279098873592	0.23670008308009097
bert_lstm	0.0001	512	128	avg	0.8781810596579057	0.23967717823229337
bert_lstm	0.0001	512	128	max	0.8873591989987485	0.26270966780813115
bert_lstm	0.0001	512	256	avg	0.8773466833541927	0.26324033737182617
bert_lstm	0.0001	512	256	max	0.8802670004171882	0.2603721618652344
bert_cnn	0.001	64	64	avg	0.8627450980392157	0.19286055313913447
bert_cnn	0.001	64	64	max	0.8677513558614935	0.18890845148186933
bert_cnn	0.001	64	128	avg	0.8685857321652065	0.18920271020186574
bert_cnn	0.001	64	128	max	0.886107634543179	0.2097016886660927
bert_cnn	0.001	64	256	avg	0.8710888610763454	0.23483991622924805
bert_cnn	0.001	64	256	max	0.8702544847726325	0.31229496002197266
bert_cnn	0.001	128	64	avg	0.8573216520650814	0.17113936574835528
bert_cnn	0.001	128	64	max	0.8731748018356279	0.14306055872063886
bert_cnn	0.001	128	128	avg	0.8660826032540676	0.1691504528647975
bert_cnn	0.001	128	128	max	0.871506049228202	0.1542216853091591
bert_cnn	0.001	128	256	avg	0.867334167709637	0.21832466125488284
bert_cnn	0.001	128	256	max	0.8781810596579057	0.21662235260009763
bert_cnn	0.001	256	64	avg	0.8652482269503546	0.2140176923651444
bert_cnn	0.001	256	64	max	0.8694201084689195	0.19656168787102948
bert_cnn	0.001	256	128	avg	0.8610763454317898	0.24664652974982013
bert_cnn	0.001	256	128	max	0.867334167709637	0.2494071659288908
bert_cnn	0.001	256	256	avg	0.86816854401335	0.21973371505737302
bert_cnn	0.001	256	256	max	0.8660826032540676	0.19475460052490234
bert_cnn	0.001	512	64	avg	0.8627450980392157	0.1486063003540039
bert_cnn	0.001	512	64	max	0.8623279098873592	0.1593696443658126
bert_cnn	0.001	512	128	avg	0.8623279098873592	0.15210979863217003
bert_cnn	0.001	512	128	max	0.8836045056320401	0.14890997033370168
bert_cnn	0.001	512	256	avg	0.8627450980392157	0.20255088806152344
bert_cnn	0.001	512	256	max	0.8635794743429287	0.3932690620422364
bert_cnn	0.0001	64	64	avg	0.8752607425949103	0.19216411992123253
bert_cnn	0.0001	64	64	max	0.8911138923654568	0.17643665012560394
bert_cnn	0.0001	64	128	avg	0.8756779307467668	0.20264198905543276
bert_cnn	0.0001	64	128	max	0.8798498122653317	0.1865788509971217
bert_cnn	0.0001	64	256	avg	0.871506049228202	0.1900649070739746
bert_cnn	0.0001	64	256	max	0.8890279516061744	0.2414512634277344
bert_cnn	0.0001	128	64	avg	0.8710888610763454	0.19967932450143913
bert_cnn	0.0001	128	64	max	0.8923654568210263	0.19468821977314196
bert_cnn	0.0001	128	128	avg	0.8785982478097623	0.18472922475714434
bert_cnn	0.0001	128	128	max	0.8915310805173133	0.18370277003238075
bert_cnn	0.0001	128	256	avg	0.8648310387984981	0.21567344665527344
bert_cnn	0.0001	128	256	max	0.8785982478097623	0.29828548431396484
bert_cnn	0.0001	256	64	avg	0.8765123070504798	0.13844904146696393
bert_cnn	0.0001	256	64	max	0.8965373383395911	0.1365241251493755
bert_cnn	0.0001	256	128	avg	0.8815185648727576	0.14813824703818873
bert_cnn	0.0001	256	128	max	0.8936170212765957	0.1468658447265625
bert_cnn	0.0001	256	256	avg	0.8548185231539425	0.19311904907226562
bert_cnn	0.0001	256	256	max	0.8923654568210263	0.2019453048706055
bert_cnn	0.0001	512	64	avg	0.8710888610763454	0.1414631542406584
bert_cnn	0.0001	512	64	max	0.8948685857321652	0.15446888773064862
bert_cnn	0.0001	512	128	avg	0.870671672924489	0.14561979394210012
bert_cnn	0.0001	512	128	max	0.8936170212765957	0.15951583259984067
bert_cnn	0.0001	512	256	avg	0.8623279098873592	0.19706249237060547
bert_cnn	0.0001	512	256	max	0.8848560700876095	0.21475791931152344
bert_mid_layer	0.001	64	64	avg	0.8702544847726325	0.1270946703459087
bert_mid_layer	0.001	64	64	max	0.8635794743429287	0.13519588269685442
bert_mid_layer	0.001	64	128	avg	0.8639966624947851	0.15202070537366363
bert_mid_layer	0.001	64	128	max	0.8548185231539425	0.15020997900711863
bert_mid_layer	0.001	64	256	avg	0.8656654151022111	0.18702030181884766
bert_mid_layer	0.001	64	256	max	0.8619107217355028	0.1909041404724121
bert_mid_layer	0.001	128	64	avg	0.8631622861910722	0.13308901535837275
bert_mid_layer	0.001	128	64	max	0.8752607425949103	0.13140816437570674
bert_mid_layer	0.001	128	128	avg	0.8756779307467668	0.14144244946931536
bert_mid_layer	0.001	128	128	max	0.8773466833541927	0.15074453855815687
bert_mid_layer	0.001	128	256	avg	0.867334167709637	0.1854085922241211
bert_mid_layer	0.001	128	256	max	0.8619107217355028	0.19612550735473633
bert_mid_layer	0.001	256	64	avg	0.870671672924489	0.12547405142533152
bert_mid_layer	0.001	256	64	max	0.8710888610763454	0.12684558567247894
bert_mid_layer	0.001	256	128	avg	0.8594075928243637	0.1488033093904194
bert_mid_layer	0.001	256	128	max	0.8694201084689195	0.1524661716661955
bert_mid_layer	0.001	256	256	avg	0.871506049228202	0.17882347106933594
bert_mid_layer	0.001	256	256	max	0.8623279098873592	0.17486810684204102
bert_mid_layer	0.001	512	64	avg	0.8631622861910722	0.1377927629571212
bert_mid_layer	0.001	512	64	max	0.8610763454317898	0.1264728997883044
bert_mid_layer	0.001	512	128	avg	0.8677513558614935	0.13887631265740644
bert_mid_layer	0.001	512	128	max	0.8760951188986232	0.14384922228361433
bert_mid_layer	0.001	512	256	avg	0.8710888610763454	0.18587589263916016
bert_mid_layer	0.001	512	256	max	0.8719232373800584	0.18785476684570312
bert_mid_layer	0.0001	64	64	avg	0.8760951188986232	0.1291180911817049
bert_mid_layer	0.0001	64	64	max	0.8927826449728827	0.12656513013337786
bert_mid_layer	0.0001	64	128	avg	0.8652482269503546	0.14403117330450763
bert_mid_layer	0.0001	64	128	max	0.8919482686691698	0.13520090203536184
bert_mid_layer	0.0001	64	256	avg	0.8585732165206508	0.1738739013671875
bert_mid_layer	0.0001	64	256	max	0.8886107634543179	0.18030881881713867
bert_mid_layer	0.0001	128	64	avg	0.8669169795577806	0.1264314902456183
bert_mid_layer	0.0001	128	64	max	0.8865248226950354	0.13157380254645099
bert_mid_layer	0.0001	128	128	avg	0.8748435544430538	0.14056155556126645
bert_mid_layer	0.0001	128	128	max	0.8815185648727576	0.1441855179636102
bert_mid_layer	0.0001	128	256	avg	0.8752607425949103	0.1724553108215332
bert_mid_layer	0.0001	128	256	max	0.8927826449728827	0.19134521484375
bert_mid_layer	0.0001	256	64	avg	0.8765123070504798	0.1274209273488898
bert_mid_layer	0.0001	256	64	max	0.886942010846892	0.12660653967606394
bert_mid_layer	0.0001	256	128	avg	0.8773466833541927	0.13551963003058184
bert_mid_layer	0.0001	256	128	max	0.8915310805173133	0.14208743446751645
bert_mid_layer	0.0001	256	256	avg	0.8731748018356279	0.18204212188720703
bert_mid_layer	0.0001	256	256	max	0.8906967042136004	0.17966032028198242
bert_mid_layer	0.0001	512	64	avg	0.8769294952023362	0.12575701663368627
bert_mid_layer	0.0001	512	64	max	0.8940342094284522	0.1276273476450067
bert_mid_layer	0.0001	512	128	avg	0.8752607425949103	0.14522828553852282
bert_mid_layer	0.0001	512	128	max	0.8952857738840216	0.14585444801732114
bert_mid_layer	0.0001	512	256	avg	0.8765123070504798	0.18741846084594727
bert_mid_layer	0.0001	512	256	max	0.886107634543179	0.1888275146484375
